Bonifacio                    41.3833    9.1333  0.3500
Propriano                    41.6667    8.9000  0.3000
Ajaccio                      41.9167    8.7500  0.4500
Banyuls-sur-Mer              42.4667    3.1000  0.3900
Port-Vendre                  42.5167    3.1000  0.4200
Calvi                        42.5667    8.7500  0.4300
Bastia                       42.7000    9.4500  0.5200
Carqueiranne(PortdelaSale    43.0833    6.0667  0.4900
Fort_de_Bregancon            43.0833    6.3167  0.4400
Toulon                       43.1167    5.9000  0.3800
Cavalaire                    43.1667    6.5333  0.3200
Marseille(Corniche)          43.2667    5.3500  0.4400
Pasajes                      43.3330   -1.9330  2.3600
Bilbao                       43.3330   -3.0330  2.3970
La_Coruna                    43.3670   -8.4000  2.1600
Saint-Jeande-Luz             43.3833   -1.6667  2.4800
Port_de_Sète                 43.3833    3.7000  0.4100
Santander                    43.4670   -3.7830  2.2930
Boucau-Bayonne               43.5167   -1.5167  2.5200
Gijon                        43.5670   -5.7000  2.3260
Nice                         43.6833    7.2833  0.4400
Monaco                       43.7167    7.4167  0.5100
Le_Pilat-plage               44.6000   -1.2167  2.4300
Cap_Ferret                   44.6167   -1.2167  2.5200
Arcachon(Jetéed'Eyrac)       44.6500   -1.1500  2.5300
LeCann_M1                    45.1330   -2.7170  2.7341
Lamena                       45.3167   -0.8000  3.1900
Richard                      45.4500   -0.9167  3.1000
Le_Verdonsur-Mer             45.5333   -1.0333  3.3300
PointedeGrave-PortBloc       45.5667   -1.0667  3.3300
Royan                        45.6000   -1.0167  3.3100
Pte_Gatseau                  45.8000   -1.2320  3.4260
Le_Chapus                    45.8500   -1.1667  3.9800
LeCann_M2                    45.8670   -3.7000  2.6886
Ile_d'Aix                    46.0000   -1.1667  3.8900
La_Rochelle-La_Pallice       46.1500   -1.2167  3.9000
Ile_de_Re(St-Martin)         46.2000   -1.3500  3.8200
PtAiguillon                  46.2570   -1.1910  4.0521
Baleineaux                   46.2630   -1.5810  3.4332
Les_Sablesd'Olonne           46.4833   -1.7833  3.2000
St-Gilles-Croix-de-Vie       46.6833   -1.9333  3.1700
P-Joinville                  46.7250   -2.3470  3.0938
MPF_large                    46.7670   -4.8330  2.4639
Ciresol_M3                   46.8330   -3.2830  2.9092
LeCann_M3                    46.8500   -4.8670  2.7385
Fromentine                   46.8833   -2.1333  3.2000
Bouee_Frome                  46.8850   -2.1930  3.4332
Ciresol_M2                   46.9670   -3.0500  2.9839
Noirmoutier(Herbaudiere)     47.0167   -2.2833  3.3600
Le_Pilier                    47.0500   -2.3490  3.2990
Vilaine_P4                   47.0500   -2.4830  3.2067
Grand_Trou                   47.0670   -2.6320  3.1419
Pornic                       47.1000   -2.1000  3.5700
Ciresol_M1                   47.1000   -2.8170  3.1259
Saint-Gildas                 47.1333   -2.2333  3.4100
La_Banche                    47.1830   -2.4660  3.2081
Vilaine_P2                   47.2330   -2.9330  2.9519
Pornichet                    47.2500   -2.3333  3.4100
Saint-Nazaire                47.2667   -2.2000  3.5700
Courir_5.3                   47.2670   -6.0160  2.3511
Le_Croisic                   47.2833   -2.5167  3.3000
BelleIle.B1                  47.2950   -3.2570  2.8589
Castouillet                  47.3090   -2.5720  3.1371
Belle-Ile(LePalais)          47.3333   -3.1333  3.0700
Ile_de_Hoedic                47.3333   -2.8667  3.0900
LeCann_M4                    47.3830   -6.0330  2.6693
Pt_Poulains                  47.3950   -3.2470  3.0976
Houat                        47.4050   -2.9480  3.1708
Port-Maria(Quiberon)         47.4667   -3.1167  3.2000
Ondine_M5                    47.4670   -9.3330  2.0649
Port-Haliguen                47.4833   -3.0833  3.1300
Trehiguier                   47.4833   -2.4333  3.4000
Birvideaux                   47.4870   -3.2900  3.1109
Penerf                       47.5000   -2.6167  3.2800
Courir_5.2                   47.5000   -5.7820  2.5989
GASTOM-M1P1                  47.5300   -6.8070  2.7845
Portivy                      47.5333   -3.1500  3.1500
Le_Logeo                     47.5333   -2.8333  1.5900
Le_Crouesty                  47.5333   -2.8833  3.2700
Port-Navalo                  47.5500   -2.9000  2.9900
La_Trinité-sur-Mer           47.5833   -3.0167  3.3100
Le_Passage_St-Armel          47.5833   -2.7000  1.7800
Arradon                      47.6000   -2.8167  1.4200
Ondine_P1M1                  47.6180   -7.2500  2.2408
Port-Tudy(Groix)             47.6333   -3.4333  3.1100
Vannes                       47.6333   -2.7500  1.1600
Auray                        47.6500   -2.9667  2.7600
Point_sup4_(Plougou)         47.6658   -2.9167  2.9670
Etel                         47.6667   -3.2000  2.9700
Port-Louis                   47.7000   -3.3333  3.1300
COURIR5_1                    47.7030   -5.6630  2.7778
Iles_Glenan(Penfret)         47.7167   -3.9333  3.0000
Lorient                      47.7167   -3.3500  3.0900
Le_Pouldu                    47.7500   -3.5333  3.0600
Treuz_Vaz                    47.7830   -4.0500  2.8565
Le_Guilvinec                 47.7833   -4.2667  3.0400
Lesconil                     47.7833   -4.2000  3.0500
Port                         47.7833   -3.7333  2.9300
Courir_3.2                   47.8000   -6.4330  2.4701
Saint-Guénole                47.8167   -4.3667  3.0100
Loctudy                      47.8333   -4.1667  2.9100
Courir_1                     47.8500   -5.9660  2.6486
Benodet                      47.8667   -4.1167  3.0500
Concarneau                   47.8667   -3.9000  2.9600
Ondine_P4M2                  47.9330   -6.9170  2.4612
Audierne                     48.0000   -4.5500  3.0700
Plogoff                      48.0250   -4.6970  3.2621
Courir_3.3                   48.0330   -6.2320  2.7188
Ar_Men                       48.0350   -5.1920  3.3511
Sein_nord                    48.0400   -4.8470  3.6050
Tevennec                     48.0740   -4.7910  3.5597
Douarnenez                   48.0833   -4.3167  3.8300
Ondine_P6M4                  48.1170   -8.0670  2.2229
Castelmeur                   48.1550   -4.4100  3.7245
Morgat                       48.2167   -4.4833  3.8800
Camaret-sur-Mer              48.2667   -4.5833  3.8300
Bass_Royale                  48.3090   -4.8410  3.6776
Trez-Hir                     48.3333   -4.6833  3.8200
Mengam                       48.3390   -4.5740  4.1855
Le_Conquet                   48.3500   -4.7667  3.9800
Brest                        48.3667   -4.5000  4.1300
Brest-MoulinBlanc            48.3833   -4.4167  3.9900
Ouessant                     48.4530   -5.0960  3.9554
Lanildut                     48.4667   -4.7500  4.2200
Portsall                     48.5500   -4.7000  4.3700
Dahouet                      48.5667   -2.5667  6.3200
Le_Légué(Bouée)              48.5667   -2.7167  6.4600
L'Aber_Wrac'h                48.5833   -4.5500  4.4600
L'Aber_Benoit                48.5833   -4.6333  4.4800
Binic                        48.6167   -2.7667  6.3600
Saint-Malo                   48.6333   -2.0167  6.7800
Saint-Servant                48.6333   -2.0250  6.7500
Saint-Cast                   48.6333   -2.2333  6.6400
Saint-Quay-Portrieux         48.6500   -2.8000  6.3500
Erquy                        48.6540   -2.4870  6.5129
Cancale                      48.6667   -1.8167  7.2000
Le_Sou                       48.6670   -2.0830  6.7368
Le_Taureau                   48.6730   -3.8880  5.2734
Brignogan                    48.6780   -4.3270  4.9245
Locquirec                    48.7000   -3.6333  5.3900
Anse_de_Primel               48.7000   -3.8167  5.4600
Vieux_Banc                   48.7080   -2.1550  6.6644
Roscoff                      48.7167   -3.9500  5.2500
Trebeurden                   48.7667   -3.5833  5.4800
Paimpol                      48.7833   -2.9500  6.0900
Lézardrieux                  48.7833   -3.1000  5.9000
Treguier                     48.7833   -3.2167  5.7200
Point_L                      48.7950   -7.0233  3.1800
Perros-Guirec                48.8000   -3.4333  5.4500
Granville                    48.8333   -1.6333  7.1500
Port-Beni                    48.8333   -3.1667  5.7000
Ploumanac'h                  48.8333   -3.4833  5.5000
Chausey                      48.8690   -1.8160  7.3755
Triagoz                      48.8720   -3.6450  5.3728
Les_Sauvage                  48.8920   -2.0000  6.6432
Minquiers                    48.8930   -2.4330  6.1325
Les_Ardente                  48.9650   -1.8570  6.7324
Agon                         48.9830   -1.6220  7.0524
maree                        49.0000   -9.0000  2.3230
maree                        49.0000   -8.0000  2.5620
Le_Marie                     49.0310   -1.8600  6.6641
EP14593028                   49.0330   -3.2170  5.4701
Le_Senequet                  49.1000   -1.6830  6.6475
Roches_Douv                  49.1080   -2.8140  5.5342
Manmod_P2                    49.1280   -5.6960  4.1078
Sac-Pirou                    49.1600   -1.6340  6.5741
MancheW_e23                  49.1650   -3.8740  4.6626
St_Helier                    49.1830   -2.1170  6.0000
L'Ecreviere                  49.2550   -1.8680  6.1735
Ouistreham                   49.2667   -0.2333  4.6300
Portbail                     49.3000   -1.7333  6.3200
Arromanches                  49.3500   -0.6167  4.4300
Port-en-Bessin               49.3500   -0.7500  4.4000
Carteret                     49.3500   -1.8333  5.8700
Trois-Grune                  49.3620   -1.9170  5.7063
Carteret                     49.3670   -1.7830  5.8664
EP145-093                    49.3800   -3.5570  4.5718
Courseulles-sur-Mer          49.4000   -0.4667  4.5600
Grandcamp                    49.4167   -1.0833  4.4000
St_Peter                     49.4490   -2.5330  5.2000
EP145-041                    49.4620   -3.7740  4.2662
Le_Havre                     49.4667    0.1167  4.8800
Le_Parfond                   49.4780   -0.2410  4.6697
Bouee_Cussy                  49.4910   -0.7120  4.2423
St_Marcouf                   49.4960   -1.1370  4.2800
Dielette                     49.5500   -1.8500  5.4400
Abord_Havre                  49.5530    0.0320  4.8017
Saint-Vaast-la-Hougue        49.5833   -1.2500  4.1200
Le_Havre-Antifer             49.6500    0.1500  4.8700
Cherbourg                    49.6500   -1.6333  3.8100
Barfleur                     49.6667   -1.2500  3.9400
Etretat                      49.7000    0.1833  4.8000
Omonvillela-Rogue            49.7000   -1.8167  3.7700
Goury                        49.7000   -1.9333  5.0600
Casquets                     49.7150   -2.7180  3.7292
Aurigny                      49.7170   -2.1990  3.5000
Manmod_P1                    49.7220   -4.6410  4.3142
EP145-021                    49.7290   -1.1100  3.8557
Fecamp                       49.7500    0.3667  4.8700
Alabama                      49.7530   -1.6930  3.7619
EP145-124                    49.7710   -1.4250  3.7251
Manmod_P3                    49.8000   -7.2820  3.3914
St-Valeryen-Caux             49.8667    0.7167  4.7200
EP145-004                    49.8780   -1.0550  3.5048
EP145-194                    49.8830   -1.7830  3.3781
Dieppe                       49.9167    1.0833  4.9400
St_Mary                      49.9170   -6.3170  3.0110
EP181-084                    50.0500   -1.2000  3.0447
Berneval                     50.0580    1.0860  4.9438
Le_Treport                   50.0667    1.3667  5.0500
EP181-019                    50.1170   -1.6450  2.7093
FALMOUTH                     50.1500   -5.0500  3.2000
EP317_Somme                  50.2170    1.0900  4.8116
Fort_Mahon                   50.3420    1.5160  5.3724
Plymouth                     50.3670   -4.1830  3.3000
VergoyerSW                   50.4470    1.0000  4.8447
EP100_Touqu                  50.5330    1.5000  5.1388
Bassurelle                   50.5610    0.9820  4.7925
Portland                     50.5660   -2.4330  1.0300
VergoyerEST                  50.5950    1.3320  4.9166
Vergoyer_N                   50.6790    1.2700  4.9043
Boulognesur-Mer              50.7167    1.5833  4.9100
Ridens_SE                    50.7330    1.3170  4.6790
Southampton                  50.8990   -1.4000  2.8500
Colbart_N                    50.9530    1.3930  4.0290
Calais                       50.9667    1.8667  4.0700
Dunk-ouest                   51.0220    2.1810  3.4312
Dunkerque                    51.0333    2.3667  3.2400
EP216-018                    51.0600    1.6490  3.8773
RuytingenSW                  51.0830    1.7830  3.6860
Douvres                      51.1160    1.3160  3.7400
EP216-039                    51.1950    2.0270  3.0516
DunkerLarge                  51.1950    2.1640  3.0157
Ostende                      51.2330    2.9320  2.6000
Sandettie_E                  51.2500    2.0450  3.0100
BERGUES_sud                  51.2520    2.3270  2.8200
Zeebrugge                    51.3500    3.2000  2.4600
Zone_I                       51.3710    2.2230  2.6542
Margate                      51.3830    1.3830  2.6000
Fairy-W                      51.4000    2.1590  2.5517
Vlissingen                   51.4500    3.6000  2.5000
Westkapelle                  51.5167    3.4500  2.2500
Thornton_Bank                51.5500    2.9833  1.8000
Walton_on_the_Naze           51.8500    1.2667  2.3000
Harwich                      51.9490    1.3500  2.0700
Hoek_van_holland             51.9833    4.1167  1.0000
C7063SHOM                    52.0000    3.0000  0.9500
Ijmuiden                     52.4667    4.6000  1.1000
Lowestoft                    52.4667    1.7500  1.5000
C7209SHOM                    53.0500    4.6500  0.9500
